1 46
-1 7

4 89
22 45
-44 75
-15 36
-31 70

4 56
17 2
17 50
33 51
-39 15

2 33
-10 32
17 8

11 65
-42 43
-49 36
31 38
-6 48
20 32
49 36
24 28
35 60
15 37
-39 50
34 30

4 70
-18 14
-16 67
3 20
-32 31

2 19
-40 20
-6 13

7 91
40 35
5 59
-1 61
-40 49
47 24
14 3
-5 86

7 2
-2 1
31 3
-9 3
-36 3
20 2
14 3
-15 1

8 32
0 16
40 28
-18 5
-36 6
24 27
13 17
-34 32
-49 6

6 6
-32 1
-16 1
-39 4
-36 6
-27 1
-15 5

8 75
49 18
-14 18
-33 60
-38 4
-17 21
13 4
-5 19
-31 41

4 99
-47 90
-24 34
-13 15
-8 41

13 90
22 60
16 57
32 32
-48 37
-45 38
45 75
-4 9
-5 13
-23 25
-4 19
-45 82
9 58
18 41

10 24
11 13
41 15
-19 11
6 8
9 14
-33 11
27 18
10 13
-27 24
16 6

12 21
27 1
16 19
12 6
-12 17
-2 16
-49 4
-13 12
46 12
48 4
-46 6
26 14
-22 10

17 8
43 4
4 7
40 5
-5 2
23 8
44 2
-4 7
-36 9
-17 1
-17 2
47 6
-9 7
49 4
-12 1
-44 2
32 4
22 9

10 18
-25 1
-27 3
24 7
11 10
-34 10
23 1
-19 6
33 15
-9 2
-17 3

13 93
-27 44
19 18
1 41
-3 74
5 50
-14 47
-28 53
2 23
33 86
-36 3
19 89
-36 86
-25 15

9 80
-50 56
-17 56
-25 43
-16 79
45 53
47 6
-45 15
35 80
46 1

0 0